1
'ha'
a <- 1
a
